1 0.323708 0.672173 0.157406 0.0894781 0.978532
0 0.666847 0.398157 0.161041 0.0919883 0.972706
1 0.838313 0.303898 0.16419 0.0960147 0.969938
0 0.836448 0.214222 0.165458 0.0937333 0.968123
1 0.159019 0.588134 0.164325 0.0890415 0.945883
0 0.668435 0.216931 0.165567 0.0938706 0.918144
1 0.320758 0.220639 0.169787 0.0952647 0.904643
1 0.668031 0.486068 0.165734 0.0938866 0.886287
1 0.676751 0.660582 0.152856 0.0840966 0.878089
0 0.835777 0.12416 0.166452 0.0938947 0.856916
0 0.861757 0.48386 0.124489 0.0932831 0.85103
1 0.158762 0.498142 0.164164 0.0899034 0.819679
1 0.666947 0.124754 0.168902 0.0979968 0.812269
1 0.157572 0.407087 0.163072 0.0912664 0.794691
1 0.83856 0.395071 0.16291 0.0925792 0.789607
1 0.148154 0.135649 0.16977 0.0921946 0.725658
1 0.662798 0.0420067 0.174959 0.0840134 0.670608
0 0.322321 0.313262 0.171275 0.0902015 0.627267
1 0.159723 0.67749 0.163358 0.087806 0.573138
1 0.835879 0.0401588 0.167866 0.0803176 0.554246
1 0.667776 0.307043 0.161507 0.0976149 0.488773
1 0.826 0.660452 0.149586 0.0869257 0.469142
1 0.32218 0.491473 0.164816 0.0924723 0.448814
1 0.812067 0.729449 0.174934 0.0683715 0.432081
0 0.322519 0.314391 0.170902 0.0909839 0.412245
0 0.838553 0.573783 0.165756 0.0898782 0.404898
1 0.882894 0.963375 0.231929 0.0732507 0.392301
1 0.674316 0.576454 0.157905 0.0939763 0.368132
1 0.152825 0.318141 0.165095 0.0888669 0.365532
0 0.810777 0.812486 0.195219 0.101434 0.348559
1 0.675683 0.659774 0.150395 0.079999 0.323297
1 0.324456 0.581054 0.164605 0.0938425 0.292411
1 0.318984 0.131193 0.168444 0.0924697 0.292179
1 0.827907 0.659693 0.147857 0.0871453 0.284531
1 0.673025 0.575418 0.161166 0.0930198 0.267445
